# Узлы интерполяции
1.0000000000e+00 8.4147098481e-01 8.4147098481e-01
2.5000000000e+00 5.9456694725e+00 1.4961803603e+00
4.0000000000e+00 -6.2469487550e+00 -3.0272099812e+00
5.5000000000e+00 3.1655321316e+00 -3.8804717906e+00
7.0000000000e+00 5.2129740501e+00 4.5989061910e+00
8.5000000000e+00 -1.8100577775e+00 6.7871404573e+00


# Функция и интерполяционный полином
1.0000000000e+00 8.4147098481e-01 8.4147098481e-01
1.0075075075e+00 8.5185118096e-01 8.5831155344e-01
1.0150150150e+00 8.6224355608e-01 8.7510320910e-01
1.0225225225e+00 8.7264680723e-01 8.9184371984e-01
1.0300300300e+00 8.8305962747e-01 9.0853087435e-01
1.0375375375e+00 8.9348070603e-01 9.2516248184e-01
1.0450450450e+00 9.0390872839e-01 9.4173637204e-01
1.0525525526e+00 9.1434237642e-01 9.5825039508e-01
1.0600600601e+00 9.2478032849e-01 9.7470242149e-01
1.0675675676e+00 9.3522125956e-01 9.9109034211e-01
1.0750750751e+00 9.4566384134e-01 1.0074120680e+00
1.0825825826e+00 9.5610674235e-01 1.0236655306e+00
1.0900900901e+00 9.6654862811e-01 1.0398486813e+00
1.0975975976e+00 9.7698816119e-01 1.0559594915e+00
1.1051051051e+00 9.8742400136e-01 1.0719959530e+00
1.1126126126e+00 9.9785480571e-01 1.0879560773e+00
1.1201201201e+00 1.0082792288e+00 1.1038378959e+00
1.1276276276e+00 1.0186959226e+00 1.1196394600e+00
1.1351351351e+00 1.0291035369e+00 1.1353588410e+00
1.1426426426e+00 1.0395007192e+00 1.1509941296e+00
1.1501501502e+00 1.0498861149e+00 1.1665434365e+00
1.1576576577e+00 1.0602583676e+00 1.1820048920e+00
1.1651651652e+00 1.0706161187e+00 1.1973766458e+00
1.1726726727e+00 1.0809580083e+00 1.2126568674e+00
1.1801801802e+00 1.0912826744e+00 1.2278437454e+00
1.1876876877e+00 1.1015887539e+00 1.2429354882e+00
1.1951951952e+00 1.1118748822e+00 1.2579303232e+00
1.2027027027e+00 1.1221396934e+00 1.2728264975e+00
1.2102102102e+00 1.1323818205e+00 1.2876222770e+00
1.2177177177e+00 1.1425998956e+00 1.3023159472e+00
1.2252252252e+00 1.1527925497e+00 1.3169058123e+00
1.2327327327e+00 1.1629584131e+00 1.3313901959e+00
1.2402402402e+00 1.1730961157e+00 1.3457674405e+00
1.2477477477e+00 1.1832042866e+00 1.3600359075e+00
1.2552552553e+00 1.1932815546e+00 1.3741939774e+00
1.2627627628e+00 1.2033265481e+00 1.3882400492e+00
1.2702702703e+00 1.2133378957e+00 1.4021725410e+00
1.2777777778e+00 1.2233142256e+00 1.4159898894e+00
1.2852852853e+00 1.2332541661e+00 1.4296905499e+00
1.2927927928e+00 1.2431563461e+00 1.4432729965e+00
1.3003003003e+00 1.2530193945e+00 1.4567357216e+00
1.3078078078e+00 1.2628419406e+00 1.4700772364e+00
1.3153153153e+00 1.2726226146e+00 1.4832960703e+00
1.3228228228e+00 1.2823600471e+00 1.4963907712e+00
1.3303303303e+00 1.2920528698e+00 1.5093599053e+00
1.3378378378e+00 1.3016997152e+00 1.5222020571e+00
1.3453453453e+00 1.3112992169e+00 1.5349158293e+00
1.3528528529e+00 1.3208500096e+00 1.5474998428e+00
1.3603603604e+00 1.3303507295e+00 1.5599527364e+00
1.3678678679e+00 1.3398000143e+00 1.5722731673e+00
1.3753753754e+00 1.3491965029e+00 1.5844598104e+00
1.3828828829e+00 1.3585388364e+00 1.5965113586e+00
1.3903903904e+00 1.3678256573e+00 1.6084265228e+00
1.3978978979e+00 1.3770556103e+00 1.6202040315e+00
1.4054054054e+00 1.3862273419e+00 1.6318426311e+00
1.4129129129e+00 1.3953395012e+00 1.6433410858e+00
1.4204204204e+00 1.4043907392e+00 1.6546981772e+00
1.4279279279e+00 1.4133797096e+00 1.6659127046e+00
1.4354354354e+00 1.4223050685e+00 1.6769834850e+00
1.4429429429e+00 1.4311654748e+00 1.6879093526e+00
1.4504504505e+00 1.4399595902e+00 1.6986891593e+00
1.4579579580e+00 1.4486860791e+00 1.7093217741e+00
1.4654654655e+00 1.4573436092e+00 1.7198060834e+00
1.4729729730e+00 1.4659308513e+00 1.7301409910e+00
1.4804804805e+00 1.4744464796e+00 1.7403254176e+00
1.4879879880e+00 1.4828891714e+00 1.7503583014e+00
1.4954954955e+00 1.4912576079e+00 1.7602385973e+00
1.5030030030e+00 1.4995504737e+00 1.7699652775e+00
1.5105105105e+00 1.5077664574e+00 1.7795373310e+00
1.5180180180e+00 1.5159042513e+00 1.7889537639e+00
1.5255255255e+00 1.5239625518e+00 1.7982135989e+00
1.5330330330e+00 1.5319400595e+00 1.8073158757e+00
1.5405405405e+00 1.5398354792e+00 1.8162596506e+00
1.5480480480e+00 1.5476475201e+00 1.8250439967e+00
1.5555555556e+00 1.5553748960e+00 1.8336680037e+00
1.5630630631e+00 1.5630163251e+00 1.8421307777e+00
1.5705705706e+00 1.5705705305e+00 1.8504314416e+00
1.5780780781e+00 1.5780362403e+00 1.8585691345e+00
1.5855855856e+00 1.5854121874e+00 1.8665430120e+00
1.5930930931e+00 1.5926971097e+00 1.8743522461e+00
1.6006006006e+00 1.5998897507e+00 1.8819960249e+00
1.6081081081e+00 1.6069888588e+00 1.8894735530e+00
1.6156156156e+00 1.6139931882e+00 1.8967840510e+00
1.6231231231e+00 1.6209014986e+00 1.9039267555e+00
1.6306306306e+00 1.6277125552e+00 1.9109009193e+00
1.6381381381e+00 1.6344251293e+00 1.9177058113e+00
1.6456456456e+00 1.6410379979e+00 1.9243407162e+00
1.6531531532e+00 1.6475499443e+00 1.9308049345e+00
1.6606606607e+00 1.6539597576e+00 1.9370977828e+00
1.6681681682e+00 1.6602662335e+00 1.9432185931e+00
1.6756756757e+00 1.6664681740e+00 1.9491667135e+00
1.6831831832e+00 1.6725643875e+00 1.9549415076e+00
1.6906906907e+00 1.6785536893e+00 1.9605423545e+00
1.6981981982e+00 1.6844349010e+00 1.9659686489e+00
1.7057057057e+00 1.6902068515e+00 1.9712198011e+00
1.7132132132e+00 1.6958683764e+00 1.9762952367e+00
1.7207207207e+00 1.7014183184e+00 1.9811943967e+00
1.7282282282e+00 1.7068555276e+00 1.9859167375e+00
1.7357357357e+00 1.7121788610e+00 1.9904617306e+00
1.7432432432e+00 1.7173871835e+00 1.9948288630e+00
1.7507507508e+00 1.7224793672e+00 1.9990176364e+00
1.7582582583e+00 1.7274542918e+00 2.0030275680e+00
1.7657657658e+00 1.7323108450e+00 2.0068581898e+00
1.7732732733e+00 1.7370479222e+00 2.0105090488e+00
1.7807807808e+00 1.7416644268e+00 2.0139797071e+00
1.7882882883e+00 1.7461592701e+00 2.0172697415e+00
1.7957957958e+00 1.7505313720e+00 2.0203787435e+00
1.8033033033e+00 1.7547796602e+00 2.0233063195e+00
1.8108108108e+00 1.7589030712e+00 2.0260520908e+00
1.8183183183e+00 1.7629005497e+00 2.0286156928e+00
1.8258258258e+00 1.7667710492e+00 2.0309967759e+00
1.8333333333e+00 1.7705135319e+00 2.0331950050e+00
1.8408408408e+00 1.7741269686e+00 2.0352100593e+00
1.8483483483e+00 1.7776103394e+00 2.0370416324e+00
1.8558558559e+00 1.7809626330e+00 2.0386894325e+00
1.8633633634e+00 1.7841828476e+00 2.0401531817e+00
1.8708708709e+00 1.7872699905e+00 2.0414326167e+00
1.8783783784e+00 1.7902230782e+00 2.0425274882e+00
1.8858858859e+00 1.7930411367e+00 2.0434375611e+00
1.8933933934e+00 1.7957232017e+00 2.0441626142e+00
1.9009009009e+00 1.7982683184e+00 2.0447024406e+00
1.9084084084e+00 1.8006755416e+00 2.0450568471e+00
1.9159159159e+00 1.8029439363e+00 2.0452256544e+00
1.9234234234e+00 1.8050725770e+00 2.0452086973e+00
1.9309309309e+00 1.8070605486e+00 2.0450058241e+00
1.9384384384e+00 1.8089069458e+00 2.0446168970e+00
1.9459459459e+00 1.8106108737e+00 2.0440417916e+00
1.9534534535e+00 1.8121714478e+00 2.0432803976e+00
1.9609609610e+00 1.8135877938e+00 2.0423326177e+00
1.9684684685e+00 1.8148590479e+00 2.0411983685e+00
1.9759759760e+00 1.8159843572e+00 2.0398775799e+00
1.9834834835e+00 1.8169628791e+00 2.0383701951e+00
1.9909909910e+00 1.8177937821e+00 2.0366761708e+00
1.9984984985e+00 1.8184762452e+00 2.0347954769e+00
2.0060060060e+00 1.8190094588e+00 2.0327280964e+00
2.0135135135e+00 1.8193926241e+00 2.0304740256e+00
2.0210210210e+00 1.8196249533e+00 2.0280332739e+00
2.0285285285e+00 1.8197056701e+00 2.0254058636e+00
2.0360360360e+00 1.8196340093e+00 2.0225918301e+00
2.0435435435e+00 1.8194092174e+00 2.0195912218e+00
2.0510510511e+00 1.8190305520e+00 2.0164040998e+00
2.0585585586e+00 1.8184972824e+00 2.0130305381e+00
2.0660660661e+00 1.8178086897e+00 2.0094706236e+00
2.0735735736e+00 1.8169640666e+00 2.0057244555e+00
2.0810810811e+00 1.8159627176e+00 2.0017921461e+00
2.0885885886e+00 1.8148039591e+00 1.9976738200e+00
2.0960960961e+00 1.8134871196e+00 1.9933696145e+00
2.1036036036e+00 1.8120115394e+00 1.9888796792e+00
2.1111111111e+00 1.8103765713e+00 1.9842041763e+00
2.1186186186e+00 1.8085815799e+00 1.9793432803e+00
2.1261261261e+00 1.8066259424e+00 1.9742971779e+00
2.1336336336e+00 1.8045090482e+00 1.9690660681e+00
2.1411411411e+00 1.8022302992e+00 1.9636501622e+00
2.1486486486e+00 1.7997891099e+00 1.9580496836e+00
2.1561561562e+00 1.7971849071e+00 1.9522648676e+00
2.1636636637e+00 1.7944171306e+00 1.9462959617e+00
2.1711711712e+00 1.7914852327e+00 1.9401432252e+00
2.1786786787e+00 1.7883886787e+00 1.9338069297e+00
2.1861861862e+00 1.7851269464e+00 1.9272873581e+00
2.1936936937e+00 1.7816995270e+00 1.9205848054e+00
2.2012012012e+00 1.7781059244e+00 1.9136995784e+00
2.2087087087e+00 1.7743456557e+00 1.9066319954e+00
2.2162162162e+00 1.7704182511e+00 1.8993823864e+00
2.2237237237e+00 1.7663232540e+00 1.8919510929e+00
2.2312312312e+00 1.7620602210e+00 1.8843384681e+00
2.2387387387e+00 1.7576287222e+00 1.8765448764e+00
2.2462462462e+00 1.7530283410e+00 1.8685706938e+00
2.2537537538e+00 1.7482586742e+00 1.8604163075e+00
2.2612612613e+00 1.7433193322e+00 1.8520821160e+00
2.2687687688e+00 1.7382099389e+00 1.8435685290e+00
2.2762762763e+00 1.7329301320e+00 1.8348759676e+00
2.2837837838e+00 1.7274795625e+00 1.8260048637e+00
2.2912912913e+00 1.7218578956e+00 1.8169556605e+00
2.2987987988e+00 1.7160648101e+00 1.8077288119e+00
2.3063063063e+00 1.7100999985e+00 1.7983247830e+00
2.3138138138e+00 1.7039631676e+00 1.7887440498e+00
2.3213213213e+00 1.6976540377e+00 1.7789870989e+00
2.3288288288e+00 1.6911723434e+00 1.7690544279e+00
2.3363363363e+00 1.6845178333e+00 1.7589465448e+00
2.3438438438e+00 1.6776902701e+00 1.7486639688e+00
2.3513513514e+00 1.6706894306e+00 1.7382072290e+00
2.3588588589e+00 1.6635151060e+00 1.7275768657e+00
2.3663663664e+00 1.6561671014e+00 1.7167734292e+00
2.3738738739e+00 1.6486452365e+00 1.7057974806e+00
2.3813813814e+00 1.6409493453e+00 1.6946495910e+00
2.3888888889e+00 1.6330792760e+00 1.6833303420e+00
2.3963963964e+00 1.6250348914e+00 1.6718403256e+00
2.4039039039e+00 1.6168160686e+00 1.6601801438e+00
2.4114114114e+00 1.6084226994e+00 1.6483504089e+00
2.4189189189e+00 1.5998546901e+00 1.6363517430e+00
2.4264264264e+00 1.5911119613e+00 1.6241847785e+00
2.4339339339e+00 1.5821944486e+00 1.6118501577e+00
2.4414414414e+00 1.5731021020e+00 1.5993485328e+00
2.4489489489e+00 1.5638348863e+00 1.5866805659e+00
2.4564564565e+00 1.5543927810e+00 1.5738469289e+00
2.4639639640e+00 1.5447757802e+00 1.5608483033e+00
2.4714714715e+00 1.5349838930e+00 1.5476853806e+00
2.4789789790e+00 1.5250171432e+00 1.5343588615e+00
2.4864864865e+00 1.5148755693e+00 1.5208694567e+00
2.4939939940e+00 1.5045592250e+00 1.5072178861e+00
2.5015015015e+00 1.4940681786e+00 1.4934048793e+00
2.5090090090e+00 1.4834025134e+00 1.4794311752e+00
2.5165165165e+00 1.4725623276e+00 1.4652975220e+00
2.5240240240e+00 1.4615477344e+00 1.4510046772e+00
2.5315315315e+00 1.4503588620e+00 1.4365534076e+00
2.5390390390e+00 1.4389958537e+00 1.4219444891e+00
2.5465465465e+00 1.4274588676e+00 1.4071787070e+00
2.5540540541e+00 1.4157480769e+00 1.3922568551e+00
2.5615615616e+00 1.4038636700e+00 1.3771797368e+00
2.5690690691e+00 1.3918058502e+00 1.3619481640e+00
2.5765765766e+00 1.3795748360e+00 1.3465629579e+00
2.5840840841e+00 1.3671708610e+00 1.3310249481e+00
2.5915915916e+00 1.3545941739e+00 1.3153349733e+00
2.5990990991e+00 1.3418450384e+00 1.2994938808e+00
2.6066066066e+00 1.3289237336e+00 1.2835025266e+00
2.6141141141e+00 1.3158305534e+00 1.2673617753e+00
2.6216216216e+00 1.3025658072e+00 1.2510725000e+00
2.6291291291e+00 1.2891298193e+00 1.2346355824e+00
2.6366366366e+00 1.2755229294e+00 1.2180519125e+00
2.6441441441e+00 1.2617454921e+00 1.2013223889e+00
2.6516516517e+00 1.2477978773e+00 1.1844479182e+00
2.6591591592e+00 1.2336804702e+00 1.1674294157e+00
2.6666666667e+00 1.2193936710e+00 1.1502678044e+00
2.6741741742e+00 1.2049378952e+00 1.1329640158e+00
2.6816816817e+00 1.1903135733e+00 1.1155189896e+00
2.6891891892e+00 1.1755211511e+00 1.0979336731e+00
2.6966966967e+00 1.1605610897e+00 1.0802090220e+00
2.7042042042e+00 1.1454338650e+00 1.0623459996e+00
2.7117117117e+00 1.1301399684e+00 1.0443455774e+00
2.7192192192e+00 1.1146799063e+00 1.0262087346e+00
2.7267267267e+00 1.0990542003e+00 1.0079364579e+00
2.7342342342e+00 1.0832633870e+00 9.8952974199e-01
2.7417417417e+00 1.0673080182e+00 9.7098958915e-01
2.7492492492e+00 1.0511886610e+00 9.5231700918e-01
2.7567567568e+00 1.0349058972e+00 9.3351301946e-01
2.7642642643e+00 1.0184603240e+00 9.1457864480e-01
2.7717717718e+00 1.0018525535e+00 8.9551491747e-01
2.7792792793e+00 9.8508321302e-01 8.7632287705e-01
2.7867867868e+00 9.6815294471e-01 8.5700357046e-01
2.7942942943e+00 9.5106240585e-01 8.3755805185e-01
2.8018018018e+00 9.3381226867e-01 8.1798738255e-01
2.8093093093e+00 9.1640322038e-01 7.9829263104e-01
2.8168168168e+00 8.9883596315e-01 7.7847487285e-01
2.8243243243e+00 8.8111121405e-01 7.5853519056e-01
2.8318318318e+00 8.6322970506e-01 7.3847467367e-01
2.8393393393e+00 8.4519218304e-01 7.1829441861e-01
2.8468468468e+00 8.2699940967e-01 6.9799552865e-01
2.8543543544e+00 8.0865216147e-01 6.7757911385e-01
2.8618618619e+00 7.9015122973e-01 6.5704629100e-01
2.8693693694e+00 7.7149742050e-01 6.3639818357e-01
2.8768768769e+00 7.5269155456e-01 6.1563592165e-01
2.8843843844e+00 7.3373446737e-01 5.9476064188e-01
2.8918918919e+00 7.1462700905e-01 5.7377348743e-01
2.8993993994e+00 6.9537004434e-01 5.5267560789e-01
2.9069069069e+00 6.7596445256e-01 5.3146815926e-01
2.9144144144e+00 6.5641112757e-01 5.1015230387e-01
2.9219219219e+00 6.3671097776e-01 4.8872921033e-01
2.9294294294e+00 6.1686492596e-01 4.6720005347e-01
2.9369369369e+00 5.9687390942e-01 4.4556601428e-01
2.9444444444e+00 5.7673887980e-01 4.2382827985e-01
2.9519519520e+00 5.5646080308e-01 4.0198804335e-01
2.9594594595e+00 5.3604065953e-01 3.8004650392e-01
2.9669669670e+00 5.1547944366e-01 3.5800486664e-01
2.9744744745e+00 4.9477816421e-01 3.3586434248e-01
2.9819819820e+00 4.7393784404e-01 3.1362614821e-01
2.9894894895e+00 4.5295952013e-01 2.9129150639e-01
2.9969969970e+00 4.3184424350e-01 2.6886164528e-01
3.0045045045e+00 4.1059307917e-01 2.4633779880e-01
3.0120120120e+00 3.8920710611e-01 2.2372120646e-01
3.0195195195e+00 3.6768741719e-01 2.0101311330e-01
3.0270270270e+00 3.4603511910e-01 1.7821476985e-01
3.0345345345e+00 3.2425133232e-01 1.5532743208e-01
3.0420420420e+00 3.0233719105e-01 1.3235236130e-01
3.0495495495e+00 2.8029384316e-01 1.0929082416e-01
3.0570570571e+00 2.5812245011e-01 8.6144092544e-02
3.0645645646e+00 2.3582418692e-01 6.2913443540e-02
3.0720720721e+00 2.1340024209e-01 3.9600159380e-02
3.0795795796e+00 1.9085181751e-01 1.6205527377e-02
3.0870870871e+00 1.6818012847e-01 -7.2691601266e-03
3.0945945946e+00 1.4538640352e-01 -3.0822605818e-02
3.1021021021e+00 1.2247188443e-01 -5.4453507472e-02
3.1096096096e+00 9.9437826140e-02 -7.8160558007e-02
3.1171171171e+00 7.6285496662e-02 -1.0194244554e-01
3.1246246246e+00 5.3016177034e-02 -1.2579785344e-01
3.1321321321e+00 2.9631161234e-02 -1.4972546040e-01
3.1396396396e+00 6.1317561166e-03 -1.7372394049e-01
3.1471471471e+00 -1.7480718666e-02 -1.9779196317e-01
3.1546546547e+00 -4.1204930733e-02 -2.2192819343e-01
3.1621621622e+00 -6.5039535053e-02 -2.4613129178e-01
3.1696696697e+00 -8.8983174023e-02 -2.7039991432e-01
3.1771771772e+00 -1.1303447754e-01 -2.9473271283e-01
3.1846846847e+00 -1.3719206307e-01 -3.1912833477e-01
3.1921921922e+00 -1.6145453577e-01 -3.4358542339e-01
3.1996996997e+00 -1.8582048851e-01 -3.6810261776e-01
3.2072072072e+00 -2.1028850198e-01 -3.9267855283e-01
3.2147147147e+00 -2.3485714481e-01 -4.1731185949e-01
3.2222222222e+00 -2.5952497357e-01 -4.4200116464e-01
3.2297297297e+00 -2.8429053294e-01 -4.6674509121e-01
3.2372372372e+00 -3.0915235575e-01 -4.9154225824e-01
3.2447447447e+00 -3.3410896307e-01 -5.1639128097e-01
3.2522522523e+00 -3.5915886430e-01 -5.4129077081e-01
3.2597597598e+00 -3.8430055727e-01 -5.6623933550e-01
3.2672672673e+00 -4.0953252831e-01 -5.9123557909e-01
3.2747747748e+00 -4.3485325239e-01 -6.1627810204e-01
3.2822822823e+00 -4.6026119312e-01 -6.4136550123e-01
3.2897897898e+00 -4.8575480293e-01 -6.6649637008e-01
3.2972972973e+00 -5.1133252313e-01 -6.9166929857e-01
3.3048048048e+00 -5.3699278400e-01 -7.1688287328e-01
3.3123123123e+00 -5.6273400488e-01 -7.4213567749e-01
3.3198198198e+00 -5.8855459431e-01 -7.6742629120e-01
3.3273273273e+00 -6.1445295005e-01 -7.9275329122e-01
3.3348348348e+00 -6.4042745927e-01 -8.1811525119e-01
3.3423423423e+00 -6.6647649857e-01 -8.4351074167e-01
3.3498498498e+00 -6.9259843413e-01 -8.6893833016e-01
3.3573573574e+00 -7.1879162179e-01 -8.9439658121e-01
3.3648648649e+00 -7.4505440717e-01 -9.1988405643e-01
3.3723723724e+00 -7.7138512574e-01 -9.4539931455e-01
3.3798798799e+00 -7.9778210296e-01 -9.7094091152e-01
3.3873873874e+00 -8.2424365437e-01 -9.9650740050e-01
3.3948948949e+00 -8.5076808569e-01 -1.0220973320e+00
3.4024024024e+00 -8.7735369294e-01 -1.0477092538e+00
3.4099099099e+00 -9.0399876254e-01 -1.0733417113e+00
3.4174174174e+00 -9.3070157142e-01 -1.0989932471e+00
3.4249249249e+00 -9.5746038712e-01 -1.1246624015e+00
3.4324324324e+00 -9.8427346793e-01 -1.1503477123e+00
3.4399399399e+00 -1.0111390630e+00 -1.1760477151e+00
3.4474474474e+00 -1.0380554123e+00 -1.2017609431e+00
3.4549549550e+00 -1.0650207470e+00 -1.2274859272e+00
3.4624624625e+00 -1.0920332896e+00 -1.2532211961e+00
3.4699699700e+00 -1.1190912535e+00 -1.2789652766e+00
3.4774774775e+00 -1.1461928438e+00 -1.3047166932e+00
3.4849849850e+00 -1.1733362570e+00 -1.3304739685e+00
3.4924924925e+00 -1.2005196814e+00 -1.3562356230e+00
3.5000000000e+00 -1.2277412969e+00 -1.3820001754e+00
3.5075075075e+00 -1.2549992754e+00 -1.4077661427e+00
3.5150150150e+00 -1.2822917806e+00 -1.4335320399e+00
3.5225225225e+00 -1.3096169687e+00 -1.4592963803e+00
3.5300300300e+00 -1.3369729876e+00 -1.4850576756e+00
3.5375375375e+00 -1.3643579782e+00 -1.5108144358e+00
3.5450450450e+00 -1.3917700733e+00 -1.5365651694e+00
3.5525525526e+00 -1.4192073987e+00 -1.5623083835e+00
3.5600600601e+00 -1.4466680727e+00 -1.5880425835e+00
3.5675675676e+00 -1.4741502067e+00 -1.6137662736e+00
3.5750750751e+00 -1.5016519048e+00 -1.6394779567e+00
3.5825825826e+00 -1.5291712645e+00 -1.6651761342e+00
3.5900900901e+00 -1.5567063763e+00 -1.6908593065e+00
3.5975975976e+00 -1.5842553242e+00 -1.7165259728e+00
3.6051051051e+00 -1.6118161856e+00 -1.7421746310e+00
3.6126126126e+00 -1.6393870317e+00 -1.7678037784e+00
3.6201201201e+00 -1.6669659273e+00 -1.7934119107e+00
3.6276276276e+00 -1.6945509310e+00 -1.8189975232e+00
3.6351351351e+00 -1.7221400957e+00 -1.8445591101e+00
3.6426426426e+00 -1.7497314683e+00 -1.8700951646e+00
3.6501501502e+00 -1.7773230898e+00 -1.8956041795e+00
3.6576576577e+00 -1.8049129958e+00 -1.9210846467e+00
3.6651651652e+00 -1.8324992166e+00 -1.9465350575e+00
3.6726726727e+00 -1.8600797769e+00 -1.9719539024e+00
3.6801801802e+00 -1.8876526963e+00 -1.9973396717e+00
3.6876876877e+00 -1.9152159895e+00 -2.0226908549e+00
3.6951951952e+00 -1.9427676660e+00 -2.0480059415e+00
3.7027027027e+00 -1.9703057308e+00 -2.0732834201e+00
3.7102102102e+00 -1.9978281841e+00 -2.0985217794e+00
3.7177177177e+00 -2.0253330217e+00 -2.1237195077e+00
3.7252252252e+00 -2.0528182350e+00 -2.1488750930e+00
3.7327327327e+00 -2.0802818111e+00 -2.1739870235e+00
3.7402402402e+00 -2.1077217332e+00 -2.1990537869e+00
3.7477477477e+00 -2.1351359803e+00 -2.2240738711e+00
3.7552552553e+00 -2.1625225279e+00 -2.2490457640e+00
3.7627627628e+00 -2.1898793477e+00 -2.2739679536e+00
3.7702702703e+00 -2.2172044077e+00 -2.2988389281e+00
3.7777777778e+00 -2.2444956728e+00 -2.3236571758e+00
3.7852852853e+00 -2.2717511046e+00 -2.3484211853e+00
3.7927927928e+00 -2.2989686614e+00 -2.3731294454e+00
3.8003003003e+00 -2.3261462990e+00 -2.3977804456e+00
3.8078078078e+00 -2.3532819698e+00 -2.4223726754e+00
3.8153153153e+00 -2.3803736241e+00 -2.4469046252e+00
3.8228228228e+00 -2.4074192093e+00 -2.4713747856e+00
3.8303303303e+00 -2.4344166707e+00 -2.4957816480e+00
3.8378378378e+00 -2.4613639511e+00 -2.5201237044e+00
3.8453453453e+00 -2.4882589915e+00 -2.5443994475e+00
3.8528528529e+00 -2.5150997308e+00 -2.5686073708e+00
3.8603603604e+00 -2.5418841061e+00 -2.5927459687e+00
3.8678678679e+00 -2.5686100531e+00 -2.6168137363e+00
3.8753753754e+00 -2.5952755056e+00 -2.6408091698e+00
3.8828828829e+00 -2.6218783965e+00 -2.6647307663e+00
3.8903903904e+00 -2.6484166573e+00 -2.6885770241e+00
3.8978978979e+00 -2.6748882183e+00 -2.7123464423e+00
3.9054054054e+00 -2.7012910091e+00 -2.7360375216e+00
3.9129129129e+00 -2.7276229587e+00 -2.7596487637e+00
3.9204204204e+00 -2.7538819951e+00 -2.7831786714e+00
3.9279279279e+00 -2.7800660463e+00 -2.8066257492e+00
3.9354354354e+00 -2.8061730396e+00 -2.8299885027e+00
3.9429429429e+00 -2.8322009024e+00 -2.8532654392e+00
3.9504504505e+00 -2.8581475620e+00 -2.8764550673e+00
3.9579579580e+00 -2.8840109460e+00 -2.8995558974e+00
3.9654654655e+00 -2.9097889821e+00 -2.9225664411e+00
3.9729729730e+00 -2.9354795987e+00 -2.9454852123e+00
3.9804804805e+00 -2.9610807246e+00 -2.9683107260e+00
3.9879879880e+00 -2.9865902894e+00 -2.9910414995e+00
3.9954954955e+00 -3.0120062238e+00 -3.0136760516e+00
4.0030030030e+00 -3.0373264592e+00 -3.0362129032e+00
4.0105105105e+00 -3.0625489286e+00 -3.0586505772e+00
4.0180180180e+00 -3.0876715662e+00 -3.0809875984e+00
4.0255255255e+00 -3.1126923078e+00 -3.1032224936e+00
4.0330330330e+00 -3.1376090906e+00 -3.1253537920e+00
4.0405405405e+00 -3.1624198541e+00 -3.1473800248e+00
4.0480480480e+00 -3.1871225393e+00 -3.1692997254e+00
4.0555555556e+00 -3.2117150897e+00 -3.1911114298e+00
4.0630630631e+00 -3.2361954510e+00 -3.2128136759e+00
4.0705705706e+00 -3.2605615712e+00 -3.2344050045e+00
4.0780780781e+00 -3.2848114010e+00 -3.2558839586e+00
4.0855855856e+00 -3.3089428940e+00 -3.2772490838e+00
4.0930930931e+00 -3.3329540063e+00 -3.2984989282e+00
4.1006006006e+00 -3.3568426976e+00 -3.3196320427e+00
4.1081081081e+00 -3.3806069303e+00 -3.3406469809e+00
4.1156156156e+00 -3.4042446704e+00 -3.3615422989e+00
4.1231231231e+00 -3.4277538876e+00 -3.3823165560e+00
4.1306306306e+00 -3.4511325549e+00 -3.4029683142e+00
4.1381381381e+00 -3.4743786494e+00 -3.4234961382e+00
4.1456456456e+00 -3.4974901520e+00 -3.4438985961e+00
4.1531531532e+00 -3.5204650480e+00 -3.4641742588e+00
4.1606606607e+00 -3.5433013266e+00 -3.4843217004e+00
4.1681681682e+00 -3.5659969819e+00 -3.5043394980e+00
4.1756756757e+00 -3.5885500121e+00 -3.5242262321e+00
4.1831831832e+00 -3.6109584205e+00 -3.5439804864e+00
4.1906906907e+00 -3.6332202153e+00 -3.5636008479e+00
4.1981981982e+00 -3.6553334096e+00 -3.5830859071e+00
4.2057057057e+00 -3.6772960217e+00 -3.6024342578e+00
4.2132132132e+00 -3.6991060753e+00 -3.6216444973e+00
4.2207207207e+00 -3.7207615999e+00 -3.6407152266e+00
4.2282282282e+00 -3.7422606301e+00 -3.6596450502e+00
4.2357357357e+00 -3.7636012069e+00 -3.6784325763e+00
4.2432432432e+00 -3.7847813768e+00 -3.6970764168e+00
4.2507507508e+00 -3.8057991928e+00 -3.7155751874e+00
4.2582582583e+00 -3.8266527139e+00 -3.7339275078e+00
4.2657657658e+00 -3.8473400057e+00 -3.7521320013e+00
4.2732732733e+00 -3.8678591403e+00 -3.7701872953e+00
4.2807807808e+00 -3.8882081966e+00 -3.7880920213e+00
4.2882882883e+00 -3.9083852603e+00 -3.8058448147e+00
4.2957957958e+00 -3.9283884242e+00 -3.8234443152e+00
4.3033033033e+00 -3.9482157882e+00 -3.8408891665e+00
4.3108108108e+00 -3.9678654598e+00 -3.8581780167e+00
4.3183183183e+00 -3.9873355536e+00 -3.8753095181e+00
4.3258258258e+00 -4.0066241921e+00 -3.8922823274e+00
4.3333333333e+00 -4.0257295055e+00 -3.9090951056e+00
4.3408408408e+00 -4.0446496320e+00 -3.9257465183e+00
4.3483483483e+00 -4.0633827178e+00 -3.9422352357e+00
4.3558558559e+00 -4.0819269174e+00 -3.9585599323e+00
4.3633633634e+00 -4.1002803937e+00 -3.9747192874e+00
4.3708708709e+00 -4.1184413180e+00 -3.9907119851e+00
4.3783783784e+00 -4.1364078704e+00 -4.0065367140e+00
4.3858858859e+00 -4.1541782398e+00 -4.0221921678e+00
4.3933933934e+00 -4.1717506242e+00 -4.0376770448e+00
4.4009009009e+00 -4.1891232305e+00 -4.0529900483e+00
4.4084084084e+00 -4.2062942749e+00 -4.0681298868e+00
4.4159159159e+00 -4.2232619832e+00 -4.0830952734e+00
4.4234234234e+00 -4.2400245905e+00 -4.0978849266e+00
4.4309309309e+00 -4.2565803419e+00 -4.1124975701e+00
4.4384384384e+00 -4.2729274921e+00 -4.1269319326e+00
4.4459459459e+00 -4.2890643059e+00 -4.1411867482e+00
4.4534534535e+00 -4.3049890582e+00 -4.1552607562e+00
4.4609609610e+00 -4.3207000342e+00 -4.1691527014e+00
4.4684684685e+00 -4.3361955296e+00 -4.1828613339e+00
4.4759759760e+00 -4.3514738504e+00 -4.1963854095e+00
4.4834834835e+00 -4.3665333137e+00 -4.2097236893e+00
4.4909909910e+00 -4.3813722471e+00 -4.2228749401e+00
4.4984984985e+00 -4.3959889894e+00 -4.2358379345e+00
4.5060060060e+00 -4.4103818904e+00 -4.2486114506e+00
4.5135135135e+00 -4.4245493112e+00 -4.2611942724e+00
4.5210210210e+00 -4.4384896244e+00 -4.2735851897e+00
4.5285285285e+00 -4.4522012141e+00 -4.2857829982e+00
4.5360360360e+00 -4.4656824759e+00 -4.2977864995e+00
4.5435435435e+00 -4.4789318176e+00 -4.3095945013e+00
4.5510510511e+00 -4.4919476585e+00 -4.3212058171e+00
4.5585585586e+00 -4.5047284304e+00 -4.3326192669e+00
4.5660660661e+00 -4.5172725770e+00 -4.3438336767e+00
4.5735735736e+00 -4.5295785547e+00 -4.3548478785e+00
4.5810810811e+00 -4.5416448321e+00 -4.3656607109e+00
4.5885885886e+00 -4.5534698906e+00 -4.3762710188e+00
4.5960960961e+00 -4.5650522242e+00 -4.3866776534e+00
4.6036036036e+00 -4.5763903400e+00 -4.3968794723e+00
4.6111111111e+00 -4.5874827581e+00 -4.4068753397e+00
4.6186186186e+00 -4.5983280115e+00 -4.4166641265e+00
4.6261261261e+00 -4.6089246469e+00 -4.4262447100e+00
4.6336336336e+00 -4.6192712240e+00 -4.4356159744e+00
4.6411411411e+00 -4.6293663164e+00 -4.4447768103e+00
4.6486486486e+00 -4.6392085111e+00 -4.4537261155e+00
4.6561561562e+00 -4.6487964091e+00 -4.4624627943e+00
4.6636636637e+00 -4.6581286252e+00 -4.4709857583e+00
4.6711711712e+00 -4.6672037883e+00 -4.4792939257e+00
4.6786786787e+00 -4.6760205416e+00 -4.4873862220e+00
4.6861861862e+00 -4.6845775423e+00 -4.4952615794e+00
4.6936936937e+00 -4.6928734624e+00 -4.5029189378e+00
4.7012012012e+00 -4.7009069880e+00 -4.5103572438e+00
4.7087087087e+00 -4.7086768204e+00 -4.5175754515e+00
4.7162162162e+00 -4.7161816753e+00 -4.5245725222e+00
4.7237237237e+00 -4.7234202834e+00 -4.5313474246e+00
4.7312312312e+00 -4.7303913906e+00 -4.5378991350e+00
4.7387387387e+00 -4.7370937576e+00 -4.5442266368e+00
4.7462462462e+00 -4.7435261608e+00 -4.5503289213e+00
4.7537537538e+00 -4.7496873916e+00 -4.5562049872e+00
4.7612612613e+00 -4.7555762571e+00 -4.5618538409e+00
4.7687687688e+00 -4.7611915800e+00 -4.5672744965e+00
4.7762762763e+00 -4.7665321987e+00 -4.5724659758e+00
4.7837837838e+00 -4.7715969674e+00 -4.5774273086e+00
4.7912912913e+00 -4.7763847563e+00 -4.5821575323e+00
4.7987987988e+00 -4.7808944518e+00 -4.5866556926e+00
4.8063063063e+00 -4.7851249562e+00 -4.5909208428e+00
4.8138138138e+00 -4.7890751882e+00 -4.5949520445e+00
4.8213213213e+00 -4.7927440829e+00 -4.5987483674e+00
4.8288288288e+00 -4.7961305921e+00 -4.6023088892e+00
4.8363363363e+00 -4.7992336838e+00 -4.6056326961e+00
4.8438438438e+00 -4.8020523431e+00 -4.6087188821e+00
4.8513513514e+00 -4.8045855716e+00 -4.6115665501e+00
4.8588588589e+00 -4.8068323881e+00 -4.6141748109e+00
4.8663663664e+00 -4.8087918282e+00 -4.6165427841e+00
4.8738738739e+00 -4.8104629447e+00 -4.6186695977e+00
4.8813813814e+00 -4.8118448078e+00 -4.6205543881e+00
4.8888888889e+00 -4.8129365047e+00 -4.6221963004e+00
4.8963963964e+00 -4.8137371402e+00 -4.6235944886e+00
4.9039039039e+00 -4.8142458367e+00 -4.6247481151e+00
4.9114114114e+00 -4.8144617340e+00 -4.6256563512e+00
4.9189189189e+00 -4.8143839899e+00 -4.6263183772e+00
4.9264264264e+00 -4.8140117797e+00 -4.6267333820e+00
4.9339339339e+00 -4.8133442968e+00 -4.6269005638e+00
4.9414414414e+00 -4.8123807526e+00 -4.6268191296e+00
4.9489489489e+00 -4.8111203764e+00 -4.6264882954e+00
4.9564564565e+00 -4.8095624159e+00 -4.6259072865e+00
4.9639639640e+00 -4.8077061369e+00 -4.6250753374e+00
4.9714714715e+00 -4.8055508236e+00 -4.6239916918e+00
4.9789789790e+00 -4.8030957786e+00 -4.6226556025e+00
4.9864864865e+00 -4.8003403232e+00 -4.6210663319e+00
4.9939939940e+00 -4.7972837970e+00 -4.6192231517e+00
5.0015015015e+00 -4.7939255585e+00 -4.6171253432e+00
5.0090090090e+00 -4.7902649849e+00 -4.6147721970e+00
5.0165165165e+00 -4.7863014724e+00 -4.6121630135e+00
5.0240240240e+00 -4.7820344360e+00 -4.6092971026e+00
5.0315315315e+00 -4.7774633095e+00 -4.6061737840e+00
5.0390390390e+00 -4.7725875463e+00 -4.6027923870e+00
5.0465465465e+00 -4.7674066184e+00 -4.5991522510e+00
5.0540540541e+00 -4.7619200175e+00 -4.5952527248e+00
5.0615615616e+00 -4.7561272543e+00 -4.5910931677e+00
5.0690690691e+00 -4.7500278591e+00 -4.5866729484e+00
5.0765765766e+00 -4.7436213815e+00 -4.5819914461e+00
5.0840840841e+00 -4.7369073907e+00 -4.5770480498e+00
5.0915915916e+00 -4.7298854755e+00 -4.5718421589e+00
5.0990990991e+00 -4.7225552443e+00 -4.5663731827e+00
5.1066066066e+00 -4.7149163253e+00 -4.5606405411e+00
5.1141141141e+00 -4.7069683665e+00 -4.5546436640e+00
5.1216216216e+00 -4.6987110357e+00 -4.5483819920e+00
5.1291291291e+00 -4.6901440206e+00 -4.5418549758e+00
5.1366366366e+00 -4.6812670290e+00 -4.5350620769e+00
5.1441441441e+00 -4.6720797886e+00 -4.5280027672e+00
5.1516516517e+00 -4.6625820474e+00 -4.5206765291e+00
5.1591591592e+00 -4.6527735733e+00 -4.5130828558e+00
5.1666666667e+00 -4.6426541547e+00 -4.5052212514e+00
5.1741741742e+00 -4.6322235999e+00 -4.4970912303e+00
5.1816816817e+00 -4.6214817379e+00 -4.4886923182e+00
5.1891891892e+00 -4.6104284180e+00 -4.4800240514e+00
5.1966966967e+00 -4.5990635096e+00 -4.4710859773e+00
5.2042042042e+00 -4.5873869031e+00 -4.4618776543e+00
5.2117117117e+00 -4.5753985090e+00 -4.4523986517e+00
5.2192192192e+00 -4.5630982585e+00 -4.4426485500e+00
5.2267267267e+00 -4.5504861035e+00 -4.4326269411e+00
5.2342342342e+00 -4.5375620165e+00 -4.4223334277e+00
5.2417417417e+00 -4.5243259908e+00 -4.4117676241e+00
5.2492492492e+00 -4.5107780403e+00 -4.4009291560e+00
5.2567567568e+00 -4.4969181996e+00 -4.3898176602e+00
5.2642642643e+00 -4.4827465246e+00 -4.3784327852e+00
5.2717717718e+00 -4.4682630915e+00 -4.3667741910e+00
5.2792792793e+00 -4.4534679977e+00 -4.3548415489e+00
5.2867867868e+00 -4.4383613615e+00 -4.3426345423e+00
5.2942942943e+00 -4.4229433222e+00 -4.3301528659e+00
5.3018018018e+00 -4.4072140401e+00 -4.3173962263e+00
5.3093093093e+00 -4.3911736964e+00 -4.3043643418e+00
5.3168168168e+00 -4.3748224934e+00 -4.2910569427e+00
5.3243243243e+00 -4.3581606548e+00 -4.2774737712e+00
5.3318318318e+00 -4.3411884249e+00 -4.2636145813e+00
5.3393393393e+00 -4.3239060696e+00 -4.2494791391e+00
5.3468468468e+00 -4.3063138757e+00 -4.2350672230e+00
5.3543543544e+00 -4.2884121514e+00 -4.2203786233e+00
5.3618618619e+00 -4.2702012257e+00 -4.2054131424e+00
5.3693693694e+00 -4.2516814495e+00 -4.1901705954e+00
5.3768768769e+00 -4.2328531942e+00 -4.1746508091e+00
5.3843843844e+00 -4.2137168531e+00 -4.1588536233e+00
5.3918918919e+00 -4.1942728404e+00 -4.1427788897e+00
5.3993993994e+00 -4.1745215917e+00 -4.1264264729e+00
5.4069069069e+00 -4.1544635641e+00 -4.1097962496e+00
5.4144144144e+00 -4.1340992356e+00 -4.0928881095e+00
5.4219219219e+00 -4.1134291058e+00 -4.0757019548e+00
5.4294294294e+00 -4.0924536958e+00 -4.0582377003e+00
5.4369369369e+00 -4.0711735477e+00 -4.0404952737e+00
5.4444444444e+00 -4.0495892252e+00 -4.0224746155e+00
5.4519519520e+00 -4.0277013132e+00 -4.0041756791e+00
5.4594594595e+00 -4.0055104180e+00 -3.9855984307e+00
5.4669669670e+00 -3.9830171674e+00 -3.9667428498e+00
5.4744744745e+00 -3.9602222103e+00 -3.9476089285e+00
5.4819819820e+00 -3.9371262171e+00 -3.9281966724e+00
5.4894894895e+00 -3.9137298797e+00 -3.9085061000e+00
5.4969969970e+00 -3.8900339110e+00 -3.8885372433e+00
5.5045045045e+00 -3.8660390456e+00 -3.8682901473e+00
5.5120120120e+00 -3.8417460392e+00 -3.8477648705e+00
5.5195195195e+00 -3.8171556690e+00 -3.8269614847e+00
5.5270270270e+00 -3.7922687332e+00 -3.8058800753e+00
5.5345345345e+00 -3.7670860518e+00 -3.7845207409e+00
5.5420420420e+00 -3.7416084656e+00 -3.7628835941e+00
5.5495495495e+00 -3.7158368370e+00 -3.7409687607e+00
5.5570570571e+00 -3.6897720495e+00 -3.7187763803e+00
5.5645645646e+00 -3.6634150079e+00 -3.6963066065e+00
5.5720720721e+00 -3.6367666382e+00 -3.6735596063e+00
5.5795795796e+00 -3.6098278877e+00 -3.6505355608e+00
5.5870870871e+00 -3.5825997247e+00 -3.6272346649e+00
5.5945945946e+00 -3.5550831388e+00 -3.6036571275e+00
5.6021021021e+00 -3.5272791407e+00 -3.5798031714e+00
5.6096096096e+00 -3.4991887622e+00 -3.5556730337e+00
5.6171171171e+00 -3.4708130561e+00 -3.5312669655e+00
5.6246246246e+00 -3.4421530963e+00 -3.5065852320e+00
5.6321321321e+00 -3.4132099779e+00 -3.4816281128e+00
5.6396396396e+00 -3.3839848166e+00 -3.4563959017e+00
5.6471471471e+00 -3.3544787495e+00 -3.4308889070e+00
5.6546546547e+00 -3.3246929341e+00 -3.4051074511e+00
5.6621621622e+00 -3.2946285493e+00 -3.3790518713e+00
5.6696696697e+00 -3.2642867945e+00 -3.3527225191e+00
5.6771771772e+00 -3.2336688900e+00 -3.3261197606e+00
5.6846846847e+00 -3.2027760769e+00 -3.2992439768e+00
5.6921921922e+00 -3.1716096170e+00 -3.2720955632e+00
5.6996996997e+00 -3.1401707926e+00 -3.2446749300e+00
5.7072072072e+00 -3.1084609069e+00 -3.2169825024e+00
5.7147147147e+00 -3.0764812835e+00 -3.1890187204e+00
5.7222222222e+00 -3.0442332667e+00 -3.1607840387e+00
5.7297297297e+00 -3.0117182210e+00 -3.1322789274e+00
5.7372372372e+00 -2.9789375316e+00 -3.1035038713e+00
5.7447447447e+00 -2.9458926040e+00 -3.0744593705e+00
5.7522522523e+00 -2.9125848639e+00 -3.0451459401e+00
5.7597597598e+00 -2.8790157575e+00 -3.0155641105e+00
5.7672672673e+00 -2.8451867509e+00 -2.9857144274e+00
5.7747747748e+00 -2.8110993307e+00 -2.9555974517e+00
5.7822822823e+00 -2.7767550034e+00 -2.9252137598e+00
5.7897897898e+00 -2.7421552954e+00 -2.8945639434e+00
5.7972972973e+00 -2.7073017533e+00 -2.8636486100e+00
5.8048048048e+00 -2.6721959435e+00 -2.8324683822e+00
5.8123123123e+00 -2.6368394524e+00 -2.8010238986e+00
5.8198198198e+00 -2.6012338858e+00 -2.7693158133e+00
5.8273273273e+00 -2.5653808696e+00 -2.7373447961e+00
5.8348348348e+00 -2.5292820490e+00 -2.7051115326e+00
5.8423423423e+00 -2.4929390890e+00 -2.6726167242e+00
5.8498498498e+00 -2.4563536740e+00 -2.6398610884e+00
5.8573573574e+00 -2.4195275079e+00 -2.6068453584e+00
5.8648648649e+00 -2.3824623136e+00 -2.5735702834e+00
5.8723723724e+00 -2.3451598337e+00 -2.5400366290e+00
5.8798798799e+00 -2.3076218298e+00 -2.5062451765e+00
5.8873873874e+00 -2.2698500824e+00 -2.4721967236e+00
5.8948948949e+00 -2.2318463914e+00 -2.4378920842e+00
5.9024024024e+00 -2.1936125753e+00 -2.4033320885e+00
5.9099099099e+00 -2.1551504717e+00 -2.3685175830e+00
5.9174174174e+00 -2.1164619367e+00 -2.3334494306e+00
5.9249249249e+00 -2.0775488454e+00 -2.2981285108e+00
5.9324324324e+00 -2.0384130912e+00 -2.2625557194e+00
5.9399399399e+00 -1.9990565862e+00 -2.2267319690e+00
5.9474474474e+00 -1.9594812607e+00 -2.1906581887e+00
5.9549549550e+00 -1.9196890636e+00 -2.1543353243e+00
5.9624624625e+00 -1.8796819617e+00 -2.1177643382e+00
5.9699699700e+00 -1.8394619403e+00 -2.0809462100e+00
5.9774774775e+00 -1.7990310023e+00 -2.0438819358e+00
5.9849849850e+00 -1.7583911690e+00 -2.0065725287e+00
5.9924924925e+00 -1.7175444790e+00 -1.9690190189e+00
6.0000000000e+00 -1.6764929892e+00 -1.9312224535e+00
6.0075075075e+00 -1.6352387737e+00 -1.8931838966e+00
6.0150150150e+00 -1.5937839242e+00 -1.8549044298e+00
6.0225225225e+00 -1.5521305501e+00 -1.8163851514e+00
6.0300300300e+00 -1.5102807778e+00 -1.7776271775e+00
6.0375375375e+00 -1.4682367510e+00 -1.7386316410e+00
6.0450450450e+00 -1.4260006305e+00 -1.6993996925e+00
6.0525525526e+00 -1.3835745942e+00 -1.6599324999e+00
6.0600600601e+00 -1.3409608368e+00 -1.6202312487e+00
6.0675675676e+00 -1.2981615696e+00 -1.5802971419e+00
6.0750750751e+00 -1.2551790209e+00 -1.5401313998e+00
6.0825825826e+00 -1.2120154352e+00 -1.4997352609e+00
6.0900900901e+00 -1.1686730737e+00 -1.4591099810e+00
6.0975975976e+00 -1.1251542136e+00 -1.4182568338e+00
6.1051051051e+00 -1.0814611486e+00 -1.3771771108e+00
6.1126126126e+00 -1.0375961882e+00 -1.3358721214e+00
6.1201201201e+00 -9.9356165795e-01 -1.2943431930e+00
6.1276276276e+00 -9.4935989930e-01 -1.2525916709e+00
6.1351351351e+00 -9.0499326927e-01 -1.2106189185e+00
6.1426426426e+00 -8.6046414051e-01 -1.1684263172e+00
6.1501501502e+00 -8.1577490109e-01 -1.1260152669e+00
6.1576576577e+00 -7.7092795440e-01 -1.0833871852e+00
6.1651651652e+00 -7.2592571903e-01 -1.0405435085e+00
6.1726726727e+00 -6.8077062860e-01 -9.9748569126e-01
6.1801801802e+00 -6.3546513167e-01 -9.5421520631e-01
6.1876876877e+00 -5.9001169160e-01 -9.1073354504e-01
6.1951951952e+00 -5.4441278639e-01 -8.6704221730e-01
6.2027027027e+00 -4.9867090858e-01 -8.2314275153e-01
6.2102102102e+00 -4.5278856509e-01 -7.7903669477e-01
6.2177177177e+00 -4.0676827708e-01 -7.3472561274e-01
6.2252252252e+00 -3.6061257983e-01 -6.9021108990e-01
6.2327327327e+00 -3.1432402260e-01 -6.4549472950e-01
6.2402402402e+00 -2.6790516848e-01 -6.0057815365e-01
6.2477477477e+00 -2.2135859422e-01 -5.5546300334e-01
6.2552552553e+00 -1.7468689016e-01 -5.1015093856e-01
6.2627627628e+00 -1.2789266001e-01 -4.6464363827e-01
6.2702702703e+00 -8.0978520750e-02 -4.1894280056e-01
6.2777777778e+00 -3.3947102467e-02 -3.7305014261e-01
6.2852852853e+00 1.3198951786e-02 -3.2696740081e-01
6.2927927928e+00 6.0456986146e-02 -2.8069633079e-01
6.3003003003e+00 1.0782433208e-01 -2.3423870749e-01
6.3078078078e+00 1.5529830855e-01 -1.8759632522e-01
6.3153153153e+00 2.0287622214e-01 -1.4077099767e-01
6.3228228228e+00 2.5055536723e-01 -9.3764558048e-02
6.3303303303e+00 2.9833302617e-01 -4.6578859066e-02
6.3378378378e+00 3.4620646936e-01 7.8422696683e-04
6.3453453453e+00 3.9417295550e-01 4.8322808099e-02
6.3528528529e+00 4.4222973168e-01 9.6034972677e-02
6.3603603604e+00 4.9037403356e-01 1.4391878929e-01
6.3678678679e+00 5.3860308553e-01 1.9197230671e-01
6.3753753754e+00 5.8691410088e-01 2.4019355383e-01
6.3828828829e+00 6.3530428193e-01 2.8858053963e-01
6.3903903904e+00 6.8377082023e-01 3.3713125310e-01
6.3978978979e+00 7.3231089670e-01 3.8584366318e-01
6.4054054054e+00 7.8092168179e-01 4.3471571871e-01
6.4129129129e+00 8.2960033566e-01 4.8374534838e-01
6.4204204204e+00 8.7834400833e-01 5.3293046066e-01
6.4279279279e+00 9.2714983988e-01 5.8226894376e-01
6.4354354354e+00 9.7601496055e-01 6.3175866556e-01
6.4429429429e+00 1.0249364910e+00 6.8139747355e-01
6.4504504505e+00 1.0739115424e+00 7.3118319478e-01
6.4579579580e+00 1.1229372166e+00 7.8111363581e-01
6.4654654655e+00 1.1720106065e+00 8.3118658264e-01
6.4729729730e+00 1.2211287957e+00 8.8139980067e-01
6.4804804805e+00 1.2702888595e+00 9.3175103461e-01
6.4879879880e+00 1.3194878642e+00 9.8223800847e-01
6.4954954955e+00 1.3687228678e+00 1.0328584255e+00
6.5030030030e+00 1.4179909202e+00 1.0836099679e+00
6.5105105105e+00 1.4672890631e+00 1.1344902974e+00
6.5180180180e+00 1.5166143301e+00 1.1854970544e+00
6.5255255255e+00 1.5659637475e+00 1.2366278585e+00
6.5330330330e+00 1.6153343338e+00 1.2878803080e+00
6.5405405405e+00 1.6647231002e+00 1.3392519804e+00
6.5480480480e+00 1.7141270507e+00 1.3907404317e+00
6.5555555556e+00 1.7635431822e+00 1.4423431970e+00
6.5630630631e+00 1.8129684850e+00 1.4940577898e+00
6.5705705706e+00 1.8623999427e+00 1.5458817024e+00
6.5780780781e+00 1.9118345322e+00 1.5978124056e+00
6.5855855856e+00 1.9612692245e+00 1.6498473489e+00
6.5930930931e+00 2.0107009844e+00 1.7019839602e+00
6.6006006006e+00 2.0601267705e+00 1.7542196457e+00
6.6081081081e+00 2.1095435362e+00 1.8065517901e+00
6.6156156156e+00 2.1589482289e+00 1.8589777564e+00
6.6231231231e+00 2.2083377909e+00 1.9114948859e+00
6.6306306306e+00 2.2577091594e+00 1.9641004979e+00
6.6381381381e+00 2.3070592665e+00 2.0167918901e+00
6.6456456456e+00 2.3563850396e+00 2.0695663380e+00
6.6531531532e+00 2.4056834014e+00 2.1224210954e+00
6.6606606607e+00 2.4549512704e+00 2.1753533938e+00
6.6681681682e+00 2.5041855606e+00 2.2283604429e+00
6.6756756757e+00 2.5533831824e+00 2.2814394300e+00
6.6831831832e+00 2.6025410420e+00 2.3345875203e+00
6.6906906907e+00 2.6516560422e+00 2.3878018568e+00
6.6981981982e+00 2.7007250822e+00 2.4410795601e+00
6.7057057057e+00 2.7497450581e+00 2.4944177284e+00
6.7132132132e+00 2.7987128629e+00 2.5478134376e+00
6.7207207207e+00 2.8476253866e+00 2.6012637410e+00
6.7282282282e+00 2.8964795169e+00 2.6547656694e+00
6.7357357357e+00 2.9452721387e+00 2.7083162309e+00
6.7432432432e+00 2.9940001347e+00 2.7619124112e+00
6.7507507508e+00 3.0426603856e+00 2.8155511730e+00
6.7582582583e+00 3.0912497703e+00 2.8692294563e+00
6.7657657658e+00 3.1397651658e+00 2.9229441785e+00
6.7732732733e+00 3.1882034479e+00 2.9766922337e+00
6.7807807808e+00 3.2365614907e+00 3.0304704935e+00
6.7882882883e+00 3.2848361678e+00 3.0842758061e+00
6.7957957958e+00 3.3330243513e+00 3.1381049970e+00
6.8033033033e+00 3.3811229131e+00 3.1919548684e+00
6.8108108108e+00 3.4291287243e+00 3.2458221992e+00
6.8183183183e+00 3.4770386560e+00 3.2997037454e+00
6.8258258258e+00 3.5248495789e+00 3.3535962395e+00
6.8333333333e+00 3.5725583641e+00 3.4074963907e+00
6.8408408408e+00 3.6201618827e+00 3.4614008848e+00
6.8483483483e+00 3.6676570067e+00 3.5153063841e+00
6.8558558559e+00 3.7150406085e+00 3.5692095276e+00
6.8633633634e+00 3.7623095615e+00 3.6231069304e+00
6.8708708709e+00 3.8094607404e+00 3.6769951842e+00
6.8783783784e+00 3.8564910211e+00 3.7308708571e+00
6.8858858859e+00 3.9033972808e+00 3.7847304931e+00
6.8933933934e+00 3.9501763989e+00 3.8385706129e+00
6.9009009009e+00 3.9968252563e+00 3.8923877129e+00
6.9084084084e+00 4.0433407362e+00 3.9461782659e+00
6.9159159159e+00 4.0897197243e+00 3.9999387206e+00
6.9234234234e+00 4.1359591085e+00 4.0536655016e+00
6.9309309309e+00 4.1820557799e+00 4.1073550096e+00
6.9384384384e+00 4.2280066320e+00 4.1610036210e+00
6.9459459459e+00 4.2738085618e+00 4.2146076882e+00
6.9534534535e+00 4.3194584698e+00 4.2681635392e+00
6.9609609610e+00 4.3649532596e+00 4.3216674776e+00
6.9684684685e+00 4.4102898389e+00 4.3751157830e+00
6.9759759760e+00 4.4554651193e+00 4.4285047101e+00
6.9834834835e+00 4.5004760166e+00 4.4818304896e+00
6.9909909910e+00 4.5453194508e+00 4.5350893273e+00
6.9984984985e+00 4.5899923467e+00 4.5882774046e+00
7.0060060060e+00 4.6344916338e+00 4.6413908782e+00
7.0135135135e+00 4.6788142466e+00 4.6944258800e+00
7.0210210210e+00 4.7229571248e+00 4.7473785174e+00
7.0285285285e+00 4.7669172133e+00 4.8002448727e+00
7.0360360360e+00 4.8106914630e+00 4.8530210035e+00
7.0435435435e+00 4.8542768303e+00 4.9057029423e+00
7.0510510511e+00 4.8976702776e+00 4.9582866969e+00
7.0585585586e+00 4.9408687737e+00 5.0107682497e+00
7.0660660661e+00 4.9838692937e+00 5.0631435583e+00
7.0735735736e+00 5.0266688194e+00 5.1154085550e+00
7.0810810811e+00 5.0692643393e+00 5.1675591469e+00
7.0885885886e+00 5.1116528490e+00 5.2195912158e+00
7.0960960961e+00 5.1538313514e+00 5.2715006181e+00
7.1036036036e+00 5.1957968566e+00 5.3232831851e+00
7.1111111111e+00 5.2375463827e+00 5.3749347224e+00
7.1186186186e+00 5.2790769553e+00 5.4264510102e+00
7.1261261261e+00 5.3203856083e+00 5.4778278030e+00
7.1336336336e+00 5.3614693836e+00 5.5290608298e+00
7.1411411411e+00 5.4023253318e+00 5.5801457941e+00
7.1486486486e+00 5.4429505119e+00 5.6310783734e+00
7.1561561562e+00 5.4833419920e+00 5.6818542194e+00
7.1636636637e+00 5.5234968491e+00 5.7324689583e+00
7.1711711712e+00 5.5634121695e+00 5.7829181900e+00
7.1786786787e+00 5.6030850488e+00 5.8331974887e+00
7.1861861862e+00 5.6425125926e+00 5.8833024025e+00
7.1936936937e+00 5.6816919161e+00 5.9332284535e+00
7.2012012012e+00 5.7206201445e+00 5.9829711375e+00
7.2087087087e+00 5.7592944135e+00 6.0325259243e+00
7.2162162162e+00 5.7977118690e+00 6.0818882574e+00
7.2237237237e+00 5.8358696678e+00 6.1310535539e+00
7.2312312312e+00 5.8737649773e+00 6.1800172048e+00
7.2387387387e+00 5.9113949762e+00 6.2287745745e+00
7.2462462462e+00 5.9487568542e+00 6.2773210009e+00
7.2537537538e+00 5.9858478126e+00 6.3256517955e+00
7.2612612613e+00 6.0226650644e+00 6.3737622432e+00
7.2687687688e+00 6.0592058343e+00 6.4216476021e+00
7.2762762763e+00 6.0954673591e+00 6.4693031039e+00
7.2837837838e+00 6.1314468877e+00 6.5167239533e+00
7.2912912913e+00 6.1671416817e+00 6.5639053283e+00
7.2987987988e+00 6.2025490151e+00 6.6108423800e+00
7.3063063063e+00 6.2376661746e+00 6.6575302326e+00
7.3138138138e+00 6.2724904604e+00 6.7039639833e+00
7.3213213213e+00 6.3070191853e+00 6.7501387023e+00
7.3288288288e+00 6.3412496758e+00 6.7960494327e+00
7.3363363363e+00 6.3751792721e+00 6.8416911904e+00
7.3438438438e+00 6.4088053278e+00 6.8870589641e+00
7.3513513514e+00 6.4421252109e+00 6.9321477154e+00
7.3588588589e+00 6.4751363032e+00 6.9769523784e+00
7.3663663664e+00 6.5078360011e+00 7.0214678599e+00
7.3738738739e+00 6.5402217153e+00 7.0656890391e+00
7.3813813814e+00 6.5722908714e+00 7.1096107680e+00
7.3888888889e+00 6.6040409098e+00 7.1532278709e+00
7.3963963964e+00 6.6354692860e+00 7.1965351444e+00
7.4039039039e+00 6.6665734710e+00 7.2395273576e+00
7.4114114114e+00 6.6973509509e+00 7.2821992519e+00
7.4189189189e+00 6.7277992276e+00 7.3245455408e+00
7.4264264264e+00 6.7579158191e+00 7.3665609100e+00
7.4339339339e+00 6.7876982589e+00 7.4082400174e+00
7.4414414414e+00 6.8171440972e+00 7.4495774928e+00
7.4489489489e+00 6.8462509003e+00 7.4905679382e+00
7.4564564565e+00 6.8750162511e+00 7.5312059273e+00
7.4639639640e+00 6.9034377492e+00 7.5714860058e+00
7.4714714715e+00 6.9315130113e+00 7.6114026915e+00
7.4789789790e+00 6.9592396711e+00 7.6509504734e+00
7.4864864865e+00 6.9866153794e+00 7.6901238127e+00
7.4939939940e+00 7.0136378048e+00 7.7289171421e+00
7.5015015015e+00 7.0403046333e+00 7.7673248658e+00
7.5090090090e+00 7.0666135686e+00 7.8053413597e+00
7.5165165165e+00 7.0925623327e+00 7.8429609711e+00
7.5240240240e+00 7.1181486656e+00 7.8801780187e+00
7.5315315315e+00 7.1433703254e+00 7.9169867927e+00
7.5390390390e+00 7.1682250891e+00 7.9533815545e+00
7.5465465465e+00 7.1927107520e+00 7.9893565368e+00
7.5540540541e+00 7.2168251286e+00 8.0249059436e+00
7.5615615616e+00 7.2405660520e+00 8.0600239497e+00
7.5690690691e+00 7.2639313748e+00 8.0947047015e+00
7.5765765766e+00 7.2869189687e+00 8.1289423160e+00
7.5840840841e+00 7.3095267252e+00 8.1627308815e+00
7.5915915916e+00 7.3317525551e+00 8.1960644569e+00
7.5990990991e+00 7.3535943894e+00 8.2289370722e+00
7.6066066066e+00 7.3750501787e+00 8.2613427281e+00
7.6141141141e+00 7.3961178941e+00 8.2932753961e+00
7.6216216216e+00 7.4167955269e+00 8.3247290184e+00
7.6291291291e+00 7.4370810888e+00 8.3556975077e+00
7.6366366366e+00 7.4569726123e+00 8.3861747475e+00
7.6441441441e+00 7.4764681504e+00 8.4161545917e+00
7.6516516517e+00 7.4955657774e+00 8.4456308645e+00
7.6591591592e+00 7.5142635885e+00 8.4745973609e+00
7.6666666667e+00 7.5325597002e+00 8.5030478458e+00
7.6741741742e+00 7.5504522504e+00 8.5309760548e+00
7.6816816817e+00 7.5679393986e+00 8.5583756935e+00
7.6891891892e+00 7.5850193260e+00 8.5852404377e+00
7.6966966967e+00 7.6016902356e+00 8.6115639333e+00
7.7042042042e+00 7.6179503525e+00 8.6373397964e+00
7.7117117117e+00 7.6337979238e+00 8.6625616131e+00
7.7192192192e+00 7.6492312192e+00 8.6872229392e+00
7.7267267267e+00 7.6642485306e+00 8.7113173007e+00
7.7342342342e+00 7.6788481726e+00 8.7348381933e+00
7.7417417417e+00 7.6930284824e+00 8.7577790824e+00
7.7492492492e+00 7.7067878202e+00 8.7801334034e+00
7.7567567568e+00 7.7201245693e+00 8.8018945610e+00
7.7642642643e+00 7.7330371359e+00 8.8230559298e+00
7.7717717718e+00 7.7455239497e+00 8.8436108539e+00
7.7792792793e+00 7.7575834638e+00 8.8635526468e+00
7.7867867868e+00 7.7692141548e+00 8.8828745914e+00
7.7942942943e+00 7.7804145230e+00 8.9015699402e+00
7.8018018018e+00 7.7911830925e+00 8.9196319149e+00
7.8093093093e+00 7.8015184115e+00 8.9370537064e+00
7.8168168168e+00 7.8114190521e+00 8.9538284749e+00
7.8243243243e+00 7.8208836108e+00 8.9699493498e+00
7.8318318318e+00 7.8299107082e+00 8.9854094295e+00
7.8393393393e+00 7.8384989897e+00 9.0002017815e+00
7.8468468468e+00 7.8466471251e+00 9.0143194422e+00
7.8543543544e+00 7.8543538088e+00 9.0277554171e+00
7.8618618619e+00 7.8616177602e+00 9.0405026804e+00
7.8693693694e+00 7.8684377237e+00 9.0525541752e+00
7.8768768769e+00 7.8748124686e+00 9.0639028134e+00
7.8843843844e+00 7.8807407895e+00 9.0745414755e+00
7.8918918919e+00 7.8862215063e+00 9.0844630107e+00
7.8993993994e+00 7.8912534643e+00 9.0936602367e+00
7.9069069069e+00 7.8958355343e+00 9.1021259400e+00
7.9144144144e+00 7.8999666130e+00 9.1098528752e+00
7.9219219219e+00 7.9036456224e+00 9.1168337655e+00
7.9294294294e+00 7.9068715107e+00 9.1230613026e+00
7.9369369369e+00 7.9096432520e+00 9.1285281463e+00
7.9444444444e+00 7.9119598464e+00 9.1332269246e+00
7.9519519520e+00 7.9138203203e+00 9.1371502340e+00
7.9594594595e+00 7.9152237263e+00 9.1402906388e+00
7.9669669670e+00 7.9161691433e+00 9.1426406715e+00
7.9744744745e+00 7.9166556770e+00 9.1441928327e+00
7.9819819820e+00 7.9166824592e+00 9.1449395909e+00
7.9894894895e+00 7.9162486488e+00 9.1448733824e+00
7.9969969970e+00 7.9153534313e+00 9.1439866116e+00
8.0045045045e+00 7.9139960191e+00 9.1422716504e+00
8.0120120120e+00 7.9121756514e+00 9.1397208386e+00
8.0195195195e+00 7.9098915946e+00 9.1363264836e+00
8.0270270270e+00 7.9071431424e+00 9.1320808607e+00
8.0345345345e+00 7.9039296153e+00 9.1269762123e+00
8.0420420420e+00 7.9002503614e+00 9.1210047486e+00
8.0495495495e+00 7.8961047562e+00 9.1141586472e+00
8.0570570571e+00 7.8914922026e+00 9.1064300532e+00
8.0645645646e+00 7.8864121309e+00 9.0978110788e+00
8.0720720721e+00 7.8808639994e+00 9.0882938036e+00
8.0795795796e+00 7.8748472938e+00 9.0778702746e+00
8.0870870871e+00 7.8683615276e+00 9.0665325055e+00
8.0945945946e+00 7.8614062423e+00 9.0542724777e+00
8.1021021021e+00 7.8539810073e+00 9.0410821392e+00
8.1096096096e+00 7.8460854200e+00 9.0269534052e+00
8.1171171171e+00 7.8377191057e+00 9.0118781579e+00
8.1246246246e+00 7.8288817181e+00 8.9958482460e+00
8.1321321321e+00 7.8195729390e+00 8.9788554856e+00
8.1396396396e+00 7.8097924783e+00 8.9608916591e+00
8.1471471471e+00 7.7995400746e+00 8.9419485158e+00
8.1546546547e+00 7.7888154944e+00 8.9220177717e+00
8.1621621622e+00 7.7776185332e+00 8.9010911093e+00
8.1696696697e+00 7.7659490145e+00 8.8791601777e+00
8.1771771772e+00 7.7538067906e+00 8.8562165924e+00
8.1846846847e+00 7.7411917426e+00 8.8322519354e+00
8.1921921922e+00 7.7281037799e+00 8.8072577552e+00
8.1996996997e+00 7.7145428408e+00 8.7812255663e+00
8.2072072072e+00 7.7005088924e+00 8.7541468497e+00
8.2147147147e+00 7.6860019305e+00 8.7260130526e+00
8.2222222222e+00 7.6710219799e+00 8.6968155881e+00
8.2297297297e+00 7.6555690942e+00 8.6665458358e+00
8.2372372372e+00 7.6396433560e+00 8.6351951409e+00
8.2447447447e+00 7.6232448767e+00 8.6027548148e+00
8.2522522523e+00 7.6063737971e+00 8.5692161348e+00
8.2597597598e+00 7.5890302866e+00 8.5345703441e+00
8.2672672673e+00 7.5712145440e+00 8.4988086515e+00
8.2747747748e+00 7.5529267973e+00 8.4619222319e+00
8.2822822823e+00 7.5341673032e+00 8.4239022254e+00
8.2897897898e+00 7.5149363482e+00 8.3847397383e+00
8.2972972973e+00 7.4952342474e+00 8.3444258419e+00
8.3048048048e+00 7.4750613457e+00 8.3029515735e+00
8.3123123123e+00 7.4544180168e+00 8.2603079356e+00
8.3198198198e+00 7.4333046639e+00 8.2164858962e+00
8.3273273273e+00 7.4117217195e+00 8.1714763885e+00
8.3348348348e+00 7.3896696454e+00 8.1252703113e+00
8.3423423423e+00 7.3671489328e+00 8.0778585282e+00
8.3498498498e+00 7.3441601021e+00 8.0292318684e+00
8.3573573574e+00 7.3207037031e+00 7.9793811259e+00
8.3648648649e+00 7.2967803152e+00 7.9282970600e+00
8.3723723724e+00 7.2723905469e+00 7.8759703949e+00
8.3798798799e+00 7.2475350362e+00 7.8223918196e+00
8.3873873874e+00 7.2222144506e+00 7.7675519884e+00
8.3948948949e+00 7.1964294868e+00 7.7114415200e+00
8.4024024024e+00 7.1701808710e+00 7.6540509981e+00
8.4099099099e+00 7.1434693589e+00 7.5953709711e+00
8.4174174174e+00 7.1162957355e+00 7.5353919520e+00
8.4249249249e+00 7.0886608152e+00 7.4741044185e+00
8.4324324324e+00 7.0605654418e+00 7.4114988129e+00
8.4399399399e+00 7.0320104885e+00 7.3475655417e+00
8.4474474474e+00 7.0029968578e+00 7.2822949762e+00
8.4549549550e+00 6.9735254818e+00 7.2156774518e+00
8.4624624625e+00 6.9435973217e+00 7.1477032685e+00
8.4699699700e+00 6.9132133681e+00 7.0783626903e+00
8.4774774775e+00 6.8823746409e+00 7.0076459456e+00
8.4849849850e+00 6.8510821895e+00 6.9355432268e+00
8.4924924925e+00 6.8193370924e+00 6.8620446905e+00
8.5000000000e+00 6.7871404573e+00 6.7871404573e+00
